-1.659694117659567425e+01
1.057918044961507604e+02
2.281784636494638221e+02
3.505686973745683872e+02
4.729552646950047006e+02
5.953438386673033165e+02
7.177294681150146971e+02
8.401149965371275812e+02
9.624994422556881091e+02
1.084883727740183531e+03
1.207268451599995160e+03
1.329653692197030296e+03
1.452041104682312607e+03
1.574427504607220499e+03
1.696817469731872961e+03
1.819204194387571306e+03
1.941593827670092423e+03
2.063979944520834579e+03
2.186366734161357726e+03
2.308751638498112698e+03
2.431136115308981061e+03
2.553520407468206486e+03
2.675905093090039827e+03
2.798291146190995732e+03
2.920677121608410289e+03
3.043066236108396424e+03
3.165452940257962837e+03
3.287843125953864728e+03
3.410229608028391795e+03
3.532617771010385695e+03
3.655003227488813991e+03
3.777388424019406102e+03
3.899772772066884500e+03
4.022157097966734000e+03
4.144542070584690919e+03
4.266927498384509818e+03
4.389315354487618606e+03
4.511701856154523739e+03
4.634091975015418939e+03
4.756478668239868966e+03
