1.554666100467574665e+02
4.227710593395302681e+02
6.900768088447244963e+02
9.573856981566996183e+02
1.224695875067252246e+03
1.492001278473998127e+03
1.759305466340961857e+03
2.026610533941676294e+03
2.293917721231458927e+03
2.561228525818102298e+03
2.828535763518455497e+03
3.095840055647780446e+03
3.363144631501886579e+03
3.630450659184546112e+03
3.897760148051123451e+03
4.165069714993723210e+03
4.432374723430448284e+03
4.699678966319906976e+03
4.966984225539283216e+03
5.234291899382747033e+03
